depth	FcPHz	FcSHz	FcPFcS
08.46	10.28	08.95	1.15
22.06	05.45	04.12	1.32
18.86	06.71	06.05	1.11
24.61	10.17	08.16	1.25
11.63	05.32	04.06	1.31
16.37	09.55	08.12	1.18
07.25	09.35	06.89	1.36
10.00	06.11	05.23	1.17
19.83	09.52	06.32	1.51
18.19	06.41	05.23	1.23
02.53	09.20	08.04	1.14
18.04	11.55	09.36	1.23
23.35	12.05	08.95	1.35
13.06	11.23	09.47	1.19
17.47	09.32	07.74	1.20
21.90	09.84	06.87	1.43
08.67	09.26	08.06	1.15
01.51	06.22	04.74	1.31
13.27	05.43	04.12	1.32
21.98	06.74	04.48	1.50
14.86	08.52	06.54	1.30
06.74	06.15	04.88	1.26
04.20	10.46	08.00	1.31
03.82	09.44	06.74	1.40
07.63	09.11	07.30	1.25
07.78	05.32	04.00	1.33
24.43	06.55	05.25	1.25
03.86	05.10	04.12	1.24
18.31	06.88	05.33	1.29
20.22	11.04	09.03	1.22
15.06	06.18	05.13	1.20
14.24	06.00	04.12	1.46
25.01	10.56	09.57	1.10
06.23	06.88	05.13	1.34
07.34	06.15	04.77	1.29
14.65	06.45	05.11	1.26
10.12	09.22	06.12	1.51
12.62	07.12	05.00	1.42
22.08	08.95	07.73	1.16
23.26	11.75	09.05	1.30
11.83	06.54	06.00	1.09
18.21	05.61	04.23	1.33
03.93	11.47	08.45	1.36
10.32	07.20	05.11	1.41
19.03	08.27	06.73	1.23
19.91	12.54	09.24	1.36
10.75	06.11	04.63	1.32
02.73	05.47	04.33	1.26
16.77	09.67	08.24	1.17
16.39	08.22	06.12	1.34
19.17	05.15	04.00	1.29
14.43	07.12	05.47	1.30
04.27	05.84	04.00	1.46
22.64	07.32	06.14	1.19
12.90	06.48	04.88	1.33
20.01	11.49	08.50	1.35
06.01	08.42	06.21	1.36
19.47	10.04	08.10	1.24
12.89	10.47	07.88	1.33
06.63	06.44	04.77	1.35
16.84	07.11	06.12	1.16
03.88	06.15	04.12	1.49
12.12	08.92	06.75	1.32
14.11	08.19	06.20	1.32
17.55	06.14	05.88	1.04
05.25	08.64	07.81	1.11
15.63	08.42	06.21	1.36
18.24	10.34	07.74	1.34
04.47	10.08	08.00	1.26
17.87	06.58	05.47	1.20
04.72	08.28	06.08	1.36
11.48	09.23	06.11	1.51
03.33	08.44	05.87	1.44
08.68	11.47	08.04	1.43
21.20	05.86	04.11	1.43
06.93	10.44	08.64	1.21
06.80	04.78	04.14	1.15
10.00	05.20	04.06	1.28
08.50	08.98	06.14	1.46
04.73	05.37	04.22	1.27
16.54	08.10	06.30	1.29
23.58	05.11	04.07	1.26
14.49	06.75	04.58	1.47
10.02	06.60	05.45	1.21
15.22	05.77	05.40	1.07
03.45	07.05	05.54	1.27
20.21	06.25	05.00	1.25
21.70	08.30	07.30	1.14
15.87	10.14	07.48	1.36
03.99	05.20	04.86	1.07
16.72	05.13	04.44	1.16
12.63	10.20	08.21	1.24
17.53	10.25	08.74	1.17
04.37	06.88	05.77	1.19
02.49	09.19	07.94	1.16
21.43	05.63	04.88	1.15
03.85	06.85	04.55	1.51
09.80	05.89	04.12	1.43
10.36	08.66	05.80	1.49
08.85	11.27	07.80	1.44
12.15	06.22	04.63	1.34
22.78	06.88	05.88	1.17
17.56	08.14	07.33	1.11
11.85	07.00	05.66	1.24
07.19	07.48	06.82	1.10
16.98	09.33	06.89	1.35
15.71	10.08	08.41	1.20
23.35	07.55	06.15	1.23
10.65	08.47	07.23	1.17
12.98	12.88	09.12	1.41
07.14	06.24	05.12	1.22
12.93	07.23	05.00	1.45
19.42	07.22	04.77	1.51
04.75	09.16	08.00	1.15
07.73	09.14	07.12	1.28
18.14	06.11	05.11	1.20
17.60	08.24	06.04	1.36
10.59	06.07	04.52	1.34
18.80	10.41	07.21	1.44
09.21	07.33	06.18	1.19
13.74	09.55	08.33	1.15
08.58	09.29	08.17	1.14
12.91	10.00	08.50	1.18
12.00	06.00	05.11	1.17
05.09	06.44	04.86	1.33
23.28	10.24	08.75	1.17
10.56	10.53	08.34	1.26
13.08	09.54	08.24	1.16
10.00	08.44	06.24	1.35
11.85	07.68	05.11	1.50
17.56	09.85	07.58	1.30
10.99	07.88	07.00	1.13
18.88	10.74	07.15	1.50
13.20	07.34	06.55	1.12
15.74	11.27	08.04	1.40
22.09	06.75	04.61	1.46
08.28	10.51	07.62	1.38
19.52	06.44	05.17	1.25
05.20	08.41	05.62	1.50
21.46	10.00	08.56	1.17
19.23	05.03	04.06	1.24
15.38	07.55	07.11	1.06
05.66	11.33	09.05	1.25
06.47	10.20	08.74	1.17
13.55	07.20	06.44	1.12
05.26	10.22	07.27	1.41
05.28	07.34	05.33	1.38
12.05	12.05	08.79	1.37
23.27	06.31	04.66	1.35
05.40	07.23	06.11	1.18
20.41	11.22	09.47	1.18
21.74	07.00	06.11	1.15
12.92	10.84	09.05	1.20
02.01	06.21	05.14	1.21
07.03	12.55	09.58	1.31
20.17	06.40	05.05	1.27
13.87	06.33	04.55	1.39
04.52	07.10	05.64	1.26
21.28	09.45	07.66	1.23
11.29	12.44	10.23	1.22
03.37	10.45	08.45	1.24
14.04	08.45	05.89	1.43
15.32	08.42	06.05	1.39
20.62	10.04	08.56	1.17
21.01	10.26	07.12	1.44
03.16	05.06	04.52	1.12
10.72	08.26	06.44	1.28
11.17	09.38	08.44	1.11
02.41	08.48	06.41	1.32
15.29	12.04	09.14	1.32
12.26	06.41	04.28	1.50
05.74	09.67	08.06	1.20
11.45	08.86	06.35	1.40
05.24	06.14	04.61	1.33
07.86	07.41	06.02	1.23
15.25	10.47	07.00	1.50
11.02	08.21	06.23	1.32
05.06	07.44	05.21	1.43
08.80	08.42	06.24	1.35
13.87	07.32	05.12	1.43
16.72	06.38	05.14	1.24
06.52	07.44	05.20	1.43
11.56	09.24	07.42	1.25
08.11	09.58	07.48	1.28
16.64	07.12	05.08	1.40
21.02	07.28	06.54	1.11
05.83	07.06	04.86	1.45
13.80	06.14	04.18	1.47
14.83	08.17	07.05	1.16
09.63	06.44	04.55	1.42
09.71	07.08	06.18	1.15
03.41	06.14	05.18	1.19
11.89	08.64	06.13	1.41
05.84	05.77	04.12	1.40
13.31	06.74	04.88	1.38
11.84	08.12	06.20	1.31
18.73	07.32	05.13	1.43
15.29	08.64	06.41	1.35
14.95	08.09	06.44	1.26
15.16	13.06	09.33	1.40
03.16	05.66	05.34	1.06
18.39	07.55	07.11	1.06
03.20	06.47	04.67	1.39
03.49	07.64	06.14	1.24
16.47	09.44	06.78	1.39
05.96	07.15	05.34	1.34
11.80	06.22	04.87	1.28
04.47	09.75	07.30	1.34
11.17	05.22	04.27	1.22
11.56	06.41	05.66	1.13
19.94	06.00	04.50	1.33
02.12	07.46	06.60	1.13
23.92	06.05	05.11	1.18
13.82	09.42	07.22	1.30
15.47	10.43	08.77	1.19
02.99	06.30	05.08	1.24
08.33	07.35	05.51	1.33
03.45	06.24	05.03	1.24
04.79	06.37	04.67	1.36
15.36	09.88	07.12	1.39
17.09	07.11	05.00	1.42
18.99	06.22	04.20	1.48
12.58	08.41	05.60	1.50
23.39	06.06	04.75	1.28
08.67	11.98	10.58	1.13
15.58	05.88	04.32	1.36
08.81	06.47	04.87	1.33
19.59	12.42	10.06	1.23
03.77	05.03	04.00	1.26
08.75	10.80	09.20	1.17
06.46	08.64	05.75	1.50
13.62	10.23	08.44	1.21
03.00	05.66	04.55	1.24
12.77	06.14	05.12	1.20
07.99	06.44	05.21	1.24
15.79	08.45	07.20	1.17
21.15	06.10	05.60	1.09
07.52	07.86	05.89	1.33
01.70	12.45	10.56	1.18
07.00	06.24	05.11	1.22
10.25	10.54	08.46	1.25
01.02	07.87	05.55	1.42
02.33	06.08	05.14	1.18
05.49	07.15	05.31	1.35
11.56	11.45	09.42	1.22
13.51	08.10	06.20	1.31
16.28	10.32	07.88	1.31
16.97	06.77	05.81	1.17
06.14	07.12	06.55	1.09
13.47	06.31	05.07	1.24
24.98	05.47	04.18	1.31
08.01	10.41	08.63	1.21
09.93	06.74	05.33	1.26
24.69	12.43	09.51	1.31
16.52	07.41	05.32	1.39
02.88	08.34	06.21	1.34
20.41	11.21	08.32	1.35
23.97	09.34	06.68	1.40
16.30	05.45	05.06	1.08
20.31	07.14	05.88	1.21
11.04	10.27	07.80	1.32
03.79	06.52	05.14	1.27
06.08	09.88	07.15	1.38
10.80	11.41	09.24	1.23
14.95	06.66	05.14	1.30
16.53	10.63	09.23	1.15
04.01	07.45	06.32	1.18
06.45	07.53	05.15	1.46
01.63	06.21	05.23	1.19
10.58	10.20	08.50	1.20
20.23	05.87	05.34	1.10
10.19	07.08	05.14	1.38
22.65	07.22	05.88	1.23
08.88	07.12	06.44	1.11
06.66	08.57	06.94	1.23
14.81	08.18	06.18	1.32
09.88	10.41	08.05	1.29
24.74	07.54	05.33	1.41
06.00	05.52	05.11	1.08
13.16	05.88	04.74	1.24
11.61	07.64	05.82	1.31
22.78	06.75	05.22	1.29
14.72	09.53	07.87	1.21
18.64	07.34	05.12	1.43
07.25	07.85	05.88	1.34
14.74	10.54	08.50	1.24
09.68	07.30	06.15	1.19
17.39	07.50	06.18	1.21
11.19	07.41	05.00	1.48
08.86	05.41	04.08	1.33
21.90	09.41	06.47	1.45
08.62	13.21	10.43	1.27
20.67	12.41	08.53	1.45
14.70	11.52	09.34	1.23
04.70	06.32	04.88	1.30
14.88	09.42	07.32	1.29
10.01	11.00	07.88	1.40
22.32	05.18	04.44	1.17
15.85	07.14	04.89	1.46
24.97	07.11	05.06	1.41
12.68	07.32	05.32	1.38
21.98	07.66	05.24	1.46
09.94	11.42	10.35	1.10
10.00	08.30	06.75	1.23
12.63	10.24	08.24	1.24
04.87	08.19	06.18	1.33
22.00	12.09	08.48	1.43
02.67	07.20	05.00	1.44
23.67	07.28	06.55	1.11
14.97	09.56	06.87	1.39
16.87	05.78	04.18	1.38
15.64	06.88	06.24	1.10
03.89	08.41	07.00	1.20
15.54	07.19	06.00	1.20
23.93	07.89	05.88	1.34
07.17	07.47	05.70	1.31
08.85	11.26	09.58	1.18
19.03	06.74	05.41	1.25
03.20	07.58	05.94	1.28
14.37	06.03	05.07	1.19
01.88	09.14	07.11	1.29
12.20	07.68	05.40	1.42
18.16	08.47	06.47	1.31
19.64	07.21	05.14	1.40
20.56	08.25	06.07	1.36
03.88	07.18	05.35	1.34
12.83	12.45	10.24	1.22
16.98	07.32	05.46	1.34
03.00	09.41	06.77	1.39
03.11	07.58	06.25	1.21
12.42	12.41	09.54	1.30
04.36	07.12	05.03	1.42
11.44	05.44	04.66	1.17
12.93	06.33	06.00	1.06
24.95	06.17	04.71	1.31
09.48	08.23	06.74	1.22
12.33	08.44	06.31	1.34
05.00	08.14	05.88	1.38
21.25	07.21	06.18	1.17
02.12	12.67	09.87	1.28
13.61	09.15	06.11	1.50
16.00	09.85	07.56	1.30
09.56	10.54	08.62	1.22
10.00	07.19	05.34	1.35
12.50	07.18	05.14	1.40
12.40	08.56	06.89	1.24
03.66	06.22	05.35	1.16
03.76	07.24	04.94	1.47
11.13	06.45	04.53	1.42
21.75	11.58	07.65	1.51
22.81	11.77	09.85	1.19
19.97	08.64	06.14	1.41
12.16	09.22	06.44	1.43
13.47	08.33	06.14	1.36
00.00	04.40	02.37	1.86
00.00	03.43	01.93	1.78
00.00	04.33	01.93	2.24
00.00	03.78	01.92	1.97
00.00	04.24	02.44	1.74
00.00	03.54	01.84	1.92
00.00	03.77	01.80	2.09
00.00	04.03	02.55	1.58
00.00	04.58	02.70	1.70
00.00	03.54	01.57	2.25
00.00	04.25	02.55	1.67
00.00	03.41	01.55	2.20
00.00	03.74	01.88	1.99
00.00	04.66	01.86	2.51
00.00	03.51	01.74	2.02
00.00	03.54	01.64	2.16
00.00	04.22	01.81	2.33
00.00	04.31	02.20	1.96
00.00	04.25	02.05	2.07
00.00	03.68	01.65	2.23
00.00	04.17	01.87	2.23
00.00	05.88	02.64	2.23
00.00	04.35	01.94	2.24
00.00	04.41	02.34	1.88
00.00	04.82	02.44	1.98
00.00	03.77	01.82	2.07
00.00	03.88	01.84	2.11
00.00	03.68	01.82	2.02
00.00	03.84	01.89	2.03
00.00	04.48	02.37	1.89
00.00	03.84	02.05	1.87
00.00	04.86	02.64	1.84
00.00	04.42	02.56	1.73
00.00	04.54	02.30	1.97
00.00	04.30	02.14	2.01
00.00	04.47	02.67	1.67
00.00	03.34	01.57	2.13
00.00	04.42	01.75	2.53
00.00	04.85	02.41	2.01
00.00	03.88	01.59	2.44
00.00	04.77	02.55	1.87
00.00	03.84	01.84	2.09
00.00	03.72	01.66	2.24
00.00	04.14	02.25	1.84
00.00	04.66	02.74	1.70
00.00	04.06	01.67	2.43
00.00	04.83	02.64	1.83
00.00	03.85	01.98	1.94
00.00	03.87	02.05	1.89
00.00	04.02	02.06	1.95
00.00	03.56	01.88	1.89
00.00	04.23	02.47	1.71
00.00	05.22	03.11	1.68
00.00	04.87	02.94	1.66
00.00	04.35	02.42	1.80
00.00	05.12	01.83	2.80
00.00	05.03	03.02	1.67
00.00	04.97	02.67	1.86
00.00	04.32	01.82	2.37
00.00	04.42	01.67	2.65
00.00	04.32	01.95	2.22
00.00	04.77	02.66	1.79
00.00	04.34	02.06	2.11
00.00	03.89	01.87	2.08
00.00	04.24	01.88	2.26
00.00	04.34	01.76	2.47
00.00	04.97	01.87	2.66
00.00	04.65	01.89	2.46
00.00	04.76	02.03	2.34
00.00	04.51	02.77	1.63
00.00	04.22	01.56	2.71
00.00	03.89	01.78	2.19
00.00	03.45	01.95	1.77
00.00	04.98	02.12	2.35
00.00	04.84	02.32	2.09
00.00	04.87	02.54	1.92
00.00	05.06	03.04	1.66
00.00	05.34	02.20	2.43
00.00	04.92	02.97	1.66
00.00	04.90	02.87	1.71
00.00	04.89	03.03	1.61
00.00	04.88	02.41	2.02
00.00	04.78	01.88	2.54
00.00	04.66	02.12	2.20
00.00	04.61	02.21	2.09
00.00	04.86	02.55	1.91
00.00	05.31	03.12	1.70
00.00	07.11	04.08	1.74
00.00	05.86	03.74	1.57
00.00	06.47	02.49	2.60
00.00	06.14	03.88	1.58
00.00	06.44	02.64	2.44
00.00	07.14	03.88	1.84
00.00	06.44	03.77	1.71
00.00	06.48	03.41	1.90
00.00	06.17	03.95	1.56
00.00	05.77	03.22	1.79
00.00	06.15	03.86	1.59
00.00	06.87	03.12	2.20
00.00	05.46	03.54	1.54
00.00	06.34	04.16	1.52
00.00	05.20	03.41	1.52
00.00	05.87	03.00	1.96
00.00	05.43	03.15	1.72
00.00	05.87	03.21	1.83
00.00	06.77	03.74	1.81
00.00	06.87	03.98	1.73
00.00	05.63	03.44	1.64
00.00	06.88	03.46	1.99
00.00	05.82	03.41	1.71
00.00	06.34	03.12	2.03
00.00	06.14	03.35	1.83
00.00	06.88	04.12	1.67
00.00	06.12	03.05	2.01
00.00	06.21	03.05	2.04
00.00	05.74	03.13	1.83
00.00	05.43	03.44	1.58
00.00	05.83	03.44	1.69
00.00	05.47	03.18	1.72
00.00	05.61	03.19	1.76
00.00	05.41	03.51	1.54
00.00	05.14	02.78	1.85
00.00	06.55	03.77	1.74
00.00	06.77	03.34	2.03
00.00	06.31	03.47	1.82
00.00	06.74	03.25	2.07
00.00	05.88	03.05	1.93
00.00	06.85	03.33	2.06
00.00	05.11	02.77	1.84
00.00	05.87	03.14	1.87
00.00	05.63	03.13	1.80
00.00	06.74	03.78	1.78
00.00	06.87	03.00	2.29
00.00	06.44	03.41	1.89
00.00	06.87	03.77	1.82
00.00	06.41	03.66	1.75
00.00	06.18	03.66	1.69
00.00	07.14	03.41	2.09
00.00	07.08	03.41	2.08
00.00	06.75	03.74	1.80
00.00	06.78	03.73	1.82
00.00	05.98	02.64	2.27
00.00	07.00	03.18	2.20
00.00	05.98	03.55	1.68
00.00	06.47	03.88	1.67
00.00	05.86	03.34	1.75
00.00	06.87	04.14	1.66
00.00	06.55	03.22	2.03
00.00	06.74	03.08	2.19
00.00	06.23	03.82	1.63
00.00	06.85	03.54	1.94
00.00	06.15	03.89	1.58
00.00	06.53	04.12	1.58
00.00	06.88	03.12	2.21
00.00	06.44	03.14	2.05
00.00	04.15	02.45	1.69
00.00	04.35	01.86	2.34
00.00	04.53	02.19	2.07
00.00	04.66	02.33	2.00
00.00	05.13	02.21	2.32
00.00	04.31	01.99	2.17
00.00	04.52	02.34	1.93
00.00	04.86	02.50	1.94
00.00	04.20	02.14	1.96
00.00	03.78	01.98	1.91
00.00	04.45	02.15	2.07
00.00	04.88	02.65	1.84
00.00	04.34	01.87	2.32
00.00	04.11	02.41	1.71
00.00	04.53	01.86	2.44
00.00	03.74	02.00	1.87
00.00	03.87	02.12	1.83
00.00	04.89	02.24	2.18
00.00	04.74	01.75	2.71
00.00	04.87	02.41	2.02
00.00	04.75	01.85	2.57
00.00	03.45	01.45	2.38
00.00	04.33	02.43	1.78
00.00	03.78	01.77	2.14
00.00	03.55	01.44	2.47
00.00	03.78	01.74	2.17
00.00	04.21	01.99	2.12
00.00	04.18	01.87	2.24
00.00	03.74	01.77	2.11
00.00	03.99	02.32	1.72
00.00	05.00	02.88	1.74
00.00	04.42	02.44	1.81
00.00	05.11	02.74	1.86
00.00	05.22	02.87	1.82
00.00	04.52	01.88	2.40
00.00	04.88	02.88	1.69
00.00	04.11	02.44	1.68
00.00	05.05	02.47	2.04
00.00	04.22	01.74	2.43
00.00	04.11	02.41	1.71
00.00	05.02	03.12	1.61
00.00	03.84	01.85	2.08
00.00	03.87	02.12	1.83
00.00	03.44	02.14	1.61
00.00	03.11	01.55	2.01
00.00	03.88	01.64	2.37
00.00	04.68	02.73	1.71
00.00	03.78	02.11	1.79
00.00	03.74	01.84	2.03
00.00	03.33	01.45	2.30
00.00	05.14	03.05	1.69
00.00	05.12	02.44	2.10
00.00	04.88	01.89	2.58
00.00	05.06	02.44	2.07
00.00	04.76	03.14	1.52
00.00	04.67	02.74	1.70
00.00	04.12	02.41	1.71
00.00	03.72	01.66	2.24
00.00	03.55	01.84	1.93
00.00	03.84	01.45	2.65
00.00	03.63	01.77	2.05
00.00	03.87	01.65	2.35
00.00	03.11	01.88	1.65
00.00	05.16	03.15	1.64
00.00	04.22	01.87	2.26
00.00	04.18	02.45	1.71
00.00	04.66	01.77	2.63
00.00	04.25	01.76	2.41
00.00	03.87	01.75	2.21
00.00	03.87	01.75	2.21
00.00	03.33	02.11	1.58
00.00	03.66	01.66	2.20
00.00	04.77	02.88	1.66
00.00	04.11	01.77	2.32
00.00	03.74	01.44	2.60
00.00	03.55	01.51	2.35
00.00	03.81	01.68	2.27
00.00	03.88	02.15	1.80
00.00	04.53	02.66	1.70
00.00	03.75	01.44	2.60
00.00	03.75	01.64	2.29
00.00	04.75	03.13	1.52
00.00	03.74	02.11	1.77
00.00	03.87	01.68	2.30
00.00	03.44	01.41	2.44
00.00	03.71	02.16	1.72
00.00	04.12	01.85	2.23
00.00	04.33	01.55	2.79
00.00	04.63	02.15	2.15
00.00	04.22	02.36	1.79
00.00	04.77	01.85	2.58
00.00	04.33	02.33	1.86
00.00	03.87	01.44	2.69
00.00	04.62	02.85	1.62
00.00	04.33	01.55	2.79
00.00	04.30	01.80	2.39
00.00	02.80	01.60	1.75
00.00	04.60	01.84	2.50
00.00	03.70	01.60	2.31
00.00	04.60	01.80	2.56
00.00	03.87	01.67	2.32
00.00	04.06	02.51	1.62
00.00	05.18	02.75	1.88
00.00	05.52	02.87	1.92
00.00	05.66	03.44	1.65
00.00	05.63	03.50	1.61
00.00	05.22	02.67	1.96
00.00	03.05	01.85	1.65
00.00	04.22	02.65	1.59
00.00	03.74	02.30	1.63
00.00	03.66	02.41	1.52
00.00	05.06	03.16	1.60
00.00	04.00	02.50	1.60
00.00	04.82	01.86	2.59
00.00	03.18	01.68	1.89
00.00	03.98	01.77	2.25
00.00	03.64	01.37	2.66
00.00	05.06	02.44	2.07
00.00	04.20	02.22	1.89
00.00	04.88	02.08	2.35
00.00	04.35	02.14	2.03
00.00	03.99	02.15	1.86
00.00	04.75	02.45	1.94
00.00	04.62	02.31	2.00
00.00	03.87	01.67	2.32
00.00	04.33	02.19	1.98
00.00	04.55	02.64	1.72
00.00	04.57	02.20	2.08
00.00	04.76	02.38	2.00
00.00	04.35	01.85	2.35
00.00	03.84	01.55	2.48
00.00	03.64	01.63	2.23
00.00	04.22	01.87	2.26
00.00	03.66	01.64	2.23
00.00	03.47	02.03	1.71
00.00	04.00	02.16	1.85
00.00	04.35	02.00	2.18
00.00	04.67	01.68	2.78
00.00	04.38	01.99	2.20
00.00	03.58	01.84	1.95
00.00	03.16	01.68	1.88
00.00	03.66	01.68	2.18
00.00	03.74	01.63	2.29
00.00	05.16	02.11	2.45
00.00	04.86	02.66	1.83
00.00	05.00	02.13	2.35
00.00	04.36	02.16	2.02
00.00	05.16	02.74	1.88
00.00	04.66	02.14	2.18
00.00	03.85	01.85	2.08
00.00	03.67	01.63	2.25
00.00	02.56	01.64	1.56
00.00	03.55	01.56	2.28
00.00	02.44	01.44	1.69
00.00	05.46	02.81	1.94
00.00	05.33	03.22	1.66
00.00	05.75	02.88	2.00
00.00	04.87	02.43	2.00
00.00	05.11	03.05	1.68
00.00	04.44	02.45	1.81
00.00	02.87	01.75	1.64
00.00	05.86	03.33	1.76
00.00	05.24	03.16	1.66
00.00	05.34	02.45	2.18
00.00	05.12	02.33	2.20
00.00	05.50	03.22	1.71
00.00	05.63	02.78	2.03
00.00	05.74	02.86	2.01
00.00	04.66	02.74	1.70
00.00	04.55	02.41	1.89
00.00	05.82	03.22	1.81
00.00	04.34	02.22	1.95
00.00	04.12	01.87	2.20
00.00	05.23	02.85	1.84
00.00	04.21	01.87	2.25
00.00	04.23	01.88	2.25
00.00	05.33	02.64	2.02
00.00	04.32	02.46	1.76
00.00	04.06	01.63	2.49
00.00	03.66	01.62	2.26
00.00	05.11	02.66	1.92
00.00	02.88	01.85	1.56
00.00	02.95	01.54	1.92
00.00	03.88	01.63	2.38
00.00	03.64	02.09	1.74
00.00	03.87	02.38	1.63
00.00	03.41	01.98	1.72
00.00	04.32	02.42	1.79
00.00	03.88	01.67	2.32
00.00	03.12	01.45	2.15
00.00	04.88	02.78	1.76
00.00	04.45	02.41	1.85
00.00	03.77	02.14	1.76
00.00	04.21	02.55	1.65
00.00	04.34	01.65	2.63
00.00	03.63	02.05	1.77
00.00	04.32	02.45	1.76
00.00	04.88	02.67	1.83
00.00	03.52	01.52	2.32
00.00	05.12	02.88	1.78
00.00	04.23	02.44	1.73
00.00	03.84	01.49	2.58
00.00	04.17	01.87	2.23
00.00	04.95	02.57	1.93
00.00	04.77	02.77	1.72
00.00	04.78	02.66	1.80
00.00	04.76	01.84	2.59
00.00	03.75	01.68	2.23
00.00	05.08	02.41	2.11
00.00	04.48	02.14	2.09
00.00	04.13	02.43	1.70
